7 7 16
29 12 20
43 17 32
60 22 37
76 27 48
53 22 39
26 12 23
7 7 7
53 22 46
107 37 77
134 47 89
149 52 99
149 52 104
136 47 87
100 37 68
61 22 39
7 7 7
28 12 18
60 22 40
89 32 58
99 37 76
120 42 85
103 37 67
70 27 55
37 17 29
53 22 41
72 27 56
87 32 67
97 37 72
83 32 60
54 22 43
32 12 27
52 22 44
102 37 73
135 47 89
150 52 103
148 52 102
133 47 94
99 37 68
60 22 38
30 12 26
62 22 38
87 32 62
112 42 80
130 47 89
150 52 107
136 47 95
104 37 71
11 7 7
10 7 7
7 7 7
27 12 18
37 17 37
31 12 17
17 7 13
16 7 14
54 22 42
104 37 75
133 47 94
147 52 100
148 52 106
132 47 94
103 37 77
59 22 40
7 7 17
7 7 17
47 17 30
72 27 53
87 32 59
98 37 70
88 32 60
54 22 38
82 32 61
98 37 76
117 42 78
137 47 89
149 52 101
136 47 91
106 37 68
74 27 50
91 32 58
116 42 78
133 47 97
142 52 97
151 52 101
137 47 94
118 42 84
92 32 67
70 27 48
105 37 67
130 47 91
167 57 112
175 62 120
165 57 116
146 52 98
122 42 83
7 7 7
8 7 7
22 12 26
38 17 30
60 22 46
43 17 27
7 7 7
7 7 11
60 22 38
99 37 75
132 47 92
150 52 104
147 52 102
137 47 87
98 37 72
59 22 43
10 7 11
7 7 7
44 17 30
69 27 47
90 32 57
104 37 68
85 32 64
62 22 46
22 12 19
40 17 36
54 22 41
67 27 52
86 32 67
70 27 48
43 17 28
7 7 10
60 22 37
104 37 67
132 47 90
144 52 100
146 52 97
131 47 92
102 37 70
57 22 37
7 7 12
44 17 30
70 27 56
98 37 77
122 42 79
136 47 87
113 42 86
90 32 57
53 22 44
67 27 52
86 32 66
99 37 70
119 42 77
101 37 67
71 27 50
41 17 32
53 22 43
97 37 74
128 47 92
148 52 97
142 52 104
137 47 88
100 37 73
59 22 40
46 17 36
69 27 48
105 37 67
137 47 94
147 52 106
162 57 110
148 52 107
118 42 82
